customer_id,customer_number,first_name,last_name,full_name,gender,date_of_birth,email,phone_number,street_address,city,state_province,postal_code,country_code,country_name,region,preferred_language,customer_segment,loyalty_tier,registration_date,acquisition_year,customer_type,is_active,source_system,created_at,updated_at
31ba023b-f614-4b38-ab66-4a75d6e2c0ea,CUST-2019-TR-000001,Asalet,Demirel,Asalet Demirel,Male,1996-12-21,asalet.demirel@protonmail.com,(682)041 9027,869 Evde Vista Suite 926,New Oktüremiş,Missouri,52027,TR,Turkey,EMEA,Turkish,Consumer,None,2019-09-10,2019,NEW,True,MDM,2019-09-10,2026-04-17 15:58:31.045017
010d4457-7e36-41a2-be45-ba83f38b4ff2,CUST-2019-TR-000002,İmam,Hayrioğlu,İmam Hayrioğlu,Female,1993-09-08,imam.hayriolu@hotmail.com,0194 304 98 12,22110 Songurkan Expressway Suite 418,Ahsenhaven,South Dakota,78295,TR,Turkey,EMEA,Turkish,Consumer,None,2019-02-01,2019,NEW,True,MDM,2019-02-01,2026-04-17 15:58:31.045091
7d78cdd1-2adf-43b9-8554-84a072e71d12,CUST-2019-TR-000003,Alattin,Bilgin,Alattin Bilgin,Male,1958-04-18,alattin.bilgin@outlook.com,(049)142 0177,352 Ergül Neck Apt. 647,Tekinerhaven,North Carolina,11833,TR,Turkey,EMEA,Turkish,Consumer,Silver,2019-10-06,2019,NEW,True,MDM,2019-10-06,2026-04-17 15:58:31.045154
a2cbdee8-f6f3-4e2a-8ec5-263d760b99af,CUST-2019-TR-000004,Hanbiken,İhsanoğlu,Hanbiken İhsanoğlu,Male,1999-10-14,hanbiken.ihsanolu@protonmail.com,02966552864,956 Nezengül Run Suite 894,Gümüştekinberg,California,60313,TR,Turkey,EMEA,Turkish,Consumer,Platinum,2019-04-22,2019,NEW,True,MDM,2019-04-22,2026-04-17 15:58:31.045215
e11f25bf-fbcb-4fef-8f95-f66a57059a84,CUST-2019-TR-000005,Bilgütay,Eraslan,Bilgütay Eraslan,Female,1976-06-13,bilgtay.eraslan@icloud.com,+90(218)0212932,75734 Ergül Lodge,New Mefharetfort,Connecticut,14902,TR,Turkey,EMEA,Turkish,Consumer,Gold,2019-11-22,2019,NEW,True,MDM,2019-11-22,2026-04-17 15:58:31.045272
c6127c50-5c86-4cfb-bfa7-18015b78d532,CUST-2019-TR-000006,Nazimet,Şensoy,Nazimet Şensoy,Male,1963-03-07,nazimet.ensoy@outlook.com,0775-789 6989,2892 Aliabbas Burgs,Çetintown,South Dakota,41069,TR,Turkey,EMEA,Turkish,Consumer,None,2019-12-17,2019,NEW,False,MDM,2019-12-17,2026-04-17 15:58:31.045326
97cd14f6-e426-4373-b63f-4ca0919fe8eb,CUST-2019-TR-000007,Haliye,Fırat,Haliye Fırat,Female,1991-01-06,haliye.frat320@outlook.com,025 3 166,8585 Bilir Place Apt. 062,New Kiyasifurt,Virginia,46747,TR,Turkey,EMEA,Turkish,Consumer,None,2019-11-21,2019,NEW,True,MDM,2019-11-21,2026-04-17 15:58:31.045387
cfec7ac1-e9e8-48ed-abb4-598847c2ed39,CUST-2019-TR-000008,Saydam,Yüksel,Saydam Yüksel,Male,1983-06-26,saydam.yksel@mail.com,00773996970,17344 Karadeniz Haven Apt. 591,East Necdat,Arkansas,14944,TR,Turkey,EMEA,Turkish,Consumer,Silver,2019-02-19,2019,NEW,True,MDM,2019-02-19,2026-04-17 15:58:31.045447
1ca8afd3-39da-4d2d-9d06-f39d7d888bfc,CUST-2019-TR-000009,Deryanur,Gülen,Deryanur Gülen,Female,1976-09-09,deryanur.glen@msn.com,+90(179)625-9005x847,922 Şafak Ridges Suite 698,South Sünerfort,Tennessee,77023,TR,Turkey,EMEA,Turkish,Consumer,Gold,2019-02-19,2019,NEW,True,MDM,2019-02-19,2026-04-17 15:58:31.045510
b004392a-cb16-44d5-b028-091c9c366880,CUST-2019-TR-000010,Filit,Gülen,Filit Gülen,Female,1957-05-25,filit.glen949@mail.com,+90(886)661-9973x663,91100 Esentürk Rest,Besteborough,Hawaii,65545,TR,Turkey,EMEA,Turkish,Business,None,2019-03-28,2019,NEW,True,MDM,2019-03-28,2026-04-17 15:58:31.045567
3f0a90a6-98f9-4343-8f17-76ea9bf04a4d,CUST-2019-TR-000011,Mahter,Hayrioğlu,Mahter Hayrioğlu,Female,1983-01-27,mahter.hayriolu@zoho.com,0321-949 6169,34577 Örik Knoll,West Atılganborough,Texas,95324,TR,Turkey,EMEA,Turkish,Consumer,None,2019-12-30,2019,NEW,True,MDM,2019-12-30,2026-04-17 15:58:31.045623
162ac01d-80e5-437b-a6b4-2079daece207,CUST-2019-TR-000012,Geray,Eraslan,Geray Eraslan,Female,1952-09-14,geray.eraslan@yahoo.com,(192)828 7938,0701 Yılmaz Plains,East Gülözgeshire,Florida,63996,TR,Turkey,EMEA,Turkish,Consumer,Gold,2019-05-25,2019,NEW,True,MDM,2019-05-25,2026-04-17 15:58:31.045677
671012eb-0cb0-4bad-a677-2ea53368e3c1,CUST-2019-TR-000013,Haluk,Şener,Haluk Şener,Female,1983-08-26,haluk.ener@icloud.com,(104)488 0546,02876 Yalgın Stravenue,Yorulmazburgh,Montana,02850,TR,Turkey,EMEA,Turkish,Consumer,Silver,2019-05-15,2019,NEW,True,MDM,2019-05-15,2026-04-17 15:58:31.045731
c7758944-4899-46c4-bc30-34215985fa6e,CUST-2019-TR-000014,Bidayet,Öcalan,Bidayet Öcalan,Female,1985-10-16,bidayet.calan@hotmail.com,04753322091,101 Çetin Land,Teybetborough,Rhode Island,54408,TR,Turkey,EMEA,Turkish,Business,None,2019-10-08,2019,NEW,True,MDM,2019-10-08,2026-04-17 15:58:31.045783
8ca10874-c5ad-4027-a7f0-7cb620af0cc2,CUST-2019-TR-000015,Kiramettin,Duran,Kiramettin Duran,Male,1955-08-24,kiramettin.duran@mail.com,+90(755)7894102,764 Demirbüken Knoll,West Muvaffak,South Dakota,27560,TR,Turkey,EMEA,Turkish,Consumer,None,2019-07-31,2019,NEW,True,MDM,2019-07-31,2026-04-17 15:58:31.045835
cd5e792f-7ee5-4eff-8a7f-565a29dc0990,CUST-2019-TR-000016,Korugan,Tevetoğlu,Korugan Tevetoğlu,Male,1988-06-10,korugan.tevetolu@gmx.com,479 0 756,25439 Satıa Hill,Nehipborough,Virginia,83495,TR,Turkey,EMEA,Turkish,Consumer,None,2019-12-17,2019,NEW,True,MDM,2019-12-17,2026-04-17 15:58:31.045886
80fbed16-e13e-4043-9a88-4bc4595f617e,CUST-2019-TR-000017,Anka,Ülker,Anka Ülker,Female,1964-05-03,anka.lker@gmail.com,+90 (750) 3493668,751 Dilder Lights Apt. 991,North Mükrümeton,Virginia,97441,TR,Turkey,EMEA,Turkish,Consumer,Platinum,2019-12-06,2019,NEW,True,MDM,2019-12-06,2026-04-17 15:58:31.045944
64e1eb79-eacb-4de1-b773-24a1c9d03f65,CUST-2019-TR-000018,Ulakbey,Türk,Ulakbey Türk,Male,1980-11-26,ulakbey.trk@msn.com,+90 (862) 2727569,245 Öcalan Curve,Almuston,Montana,10116,TR,Turkey,EMEA,Turkish,Consumer,Silver,2019-10-08,2019,NEW,True,MDM,2019-10-08,2026-04-17 15:58:31.045996
9eb5562f-c367-45a2-b7de-90290aff8b9c,CUST-2019-TR-000019,Sökmen,İhsanoğlu,Sökmen İhsanoğlu,Female,1954-04-27,skmen.ihsanolu@mail.com,(380)256 9330,40957 Cantez Walk Apt. 063,New Yigitchester,Georgia,82449,TR,Turkey,EMEA,Turkish,Consumer,Platinum,2019-08-23,2019,NEW,True,MDM,2019-08-23,2026-04-17 15:58:31.046055
7262fc07-b0c9-4e49-b528-062cec052d29,CUST-2019-TR-000020,Ümmühan,İhsanoğlu,Ümmühan İhsanoğlu,Female,1994-03-06,mmhan.ihsanolu@gmx.com,03768330142,74696 Halenur Loaf Suite 159,Dönerland,Michigan,53803,TR,Turkey,EMEA,Turkish,Education,Silver,2019-03-04,2019,NEW,True,MDM,2019-03-04,2026-04-17 15:58:31.046115
3bc105d7-bb88-418e-b219-ff65de65f684,CUST-2019-TR-000021,Cabir,Çetin,Cabir Çetin,Female,1963-06-19,cabir.etin49@outlook.com,+90 (626) 0941997,77642 Yorulmaz Ports,Port Sücaettin,Wyoming,20867,TR,Turkey,EMEA,Turkish,Consumer,Gold,2019-12-24,2019,NEW,True,MDM,2019-12-24,2026-04-17 15:58:31.046172
7130f89d-dc62-4e86-af5a-a9babc35cc45,CUST-2019-TR-000022,Mutluhan,Arslan,Mutluhan Arslan,Male,1986-05-06,mutluhan.arslan@yahoo.com,(000)070 9988,850 Eraycan Pines Suite 485,Port Fetullah,North Carolina,10115,TR,Turkey,EMEA,Turkish,Education,None,2019-03-31,2019,NEW,False,MDM,2019-03-31,2026-04-17 15:58:31.046230
3fb6396a-18c7-4d37-b8c4-5e920dff3c1e,CUST-2019-TR-000023,İncifir,Arslan,İncifir Arslan,Female,2003-09-07,incifir.arslan@outlook.com,04241072126,520 Uzbay Course,Onurcanburgh,Utah,86780,TR,Turkey,EMEA,Turkish,Consumer,Gold,2019-06-04,2019,NEW,True,MDM,2019-06-04,2026-04-17 15:58:31.046286
90fa86d4-4a2d-4fc6-8cc0-b45f8dcb4f34,CUST-2019-TR-000024,Akgöl,Mansız,Akgöl Mansız,Female,2003-01-02,akgl.mansz@hotmail.com,04489547560,7496 Beyzade Village Apt. 521,West Demirok,Georgia,26203,TR,Turkey,EMEA,Turkish,Consumer,None,2019-11-14,2019,NEW,True,MDM,2019-11-14,2026-04-17 15:58:31.046344
fbe08312-2146-481a-be80-5e9491ed0cfa,CUST-2019-TR-000025,Ayduru,Arslan,Ayduru Arslan,Female,1965-08-07,ayduru.arslan@hotmail.com,+90(343)3731148,11830 Karadeniz Unions,Sırriyetown,Mississippi,95586,TR,Turkey,EMEA,Turkish,Business,Silver,2019-12-31,2019,NEW,True,MDM,2019-12-31,2026-04-17 15:58:31.046398
6724305f-146a-464c-8bf9-8853d5183022,CUST-2019-TR-000026,Vacibe,Fırat,Vacibe Fırat,Female,1966-04-22,vacibe.frat@yahoo.com,07554967444,7746 Nurgil Burg Suite 108,Tarhanshire,Utah,49138,TR,Turkey,EMEA,Turkish,Business,Gold,2019-10-28,2019,NEW,True,MDM,2019-10-28,2026-04-17 15:58:31.046457
84de1c06-6927-4812-9e11-e719a0148505,CUST-2019-TR-000027,Aslanhan,Kısakürek,Aslanhan Kısakürek,Female,1958-06-12,aslanhan.ksakrek@protonmail.com,+90(737)160-7362x9570,35050 Manço Common Apt. 417,South Miyesserberg,Maryland,41429,TR,Turkey,EMEA,Turkish,Consumer,None,2019-07-21,2019,NEW,False,MDM,2019-07-21,2026-04-17 15:58:31.046519
c05635ad-c005-464b-9ce5-e4cc03626b3a,CUST-2019-TR-000028,Günver,Durmuş,Günver Durmuş,Female,1956-04-02,gnver.durmu@yahoo.com,+90(453)8520897,417 Durmuş Ferry Suite 349,Bilirstad,Arizona,17769,TR,Turkey,EMEA,Turkish,Education,Platinum,2019-06-20,2019,NEW,True,MDM,2019-06-20,2026-04-17 15:58:31.046579
e4387f60-b669-4d64-9849-cd4bff909639,CUST-2019-TR-000029,Özaslan,Kısakürek,Özaslan Kısakürek,Female,1989-07-18,zaslan.ksakrek@gmx.com,06953610551,020 Soydaner Pines Apt. 823,Sümeyyehaven,South Dakota,55637,TR,Turkey,EMEA,Turkish,Consumer,Platinum,2019-04-08,2019,NEW,False,MDM,2019-04-08,2026-04-17 15:58:31.046638
ca445b1a-ab93-4c88-be35-ea7dabed98ad,CUST-2019-TR-000030,Durdali,Sezgin,Durdali Sezgin,Male,1996-09-22,durdali.sezgin@msn.com,0075-465 1334,9007 Fitnat Gardens,Lake Nataliaville,Louisiana,87672,TR,Turkey,EMEA,Turkish,Business,None,2019-12-15,2019,NEW,True,MDM,2019-12-15,2026-04-17 15:58:31.046694
27089e1a-6c84-48b5-bb67-83ed60d7d8de,CUST-2019-TR-000031,Abdürreşit,Kısakürek,Abdürreşit Kısakürek,Female,1960-06-14,abdrreit.ksakrek@gmail.com,+90(955)053-2711x8334,430 Hayrioğlu Run,West Nezengülfort,Montana,46516,TR,Turkey,EMEA,Turkish,Consumer,None,2019-01-15,2019,NEW,True,MDM,2019-01-15,2026-04-17 15:58:31.046750
2351bc5b-6c1f-4626-9434-383a3877d5bd,CUST-2019-TR-000032,Tansığ,Yılmaz,Tansığ Yılmaz,Female,1951-04-12,tans.ylmaz477@aol.com,06928600514,78026 Akar Rue,Ürfettinport,Vermont,46395,TR,Turkey,EMEA,Turkish,Business,None,2019-09-10,2019,NEW,True,MDM,2019-09-10,2026-04-17 15:58:31.046802
3874a16a-ffcf-4de3-8fe2-b0d21b2a9db4,CUST-2019-TR-000033,Zahid,Gülen,Zahid Gülen,Male,2007-07-25,zahid.glen@hotmail.com,0663 858 57 20,38588 Şehamet Ford Suite 756,Taylakhaven,Missouri,46331,TR,Turkey,EMEA,Turkish,Consumer,Silver,2019-08-07,2019,NEW,True,MDM,2019-08-07,2026-04-17 15:58:31.046859
a81fe350-c4ad-4746-a624-4a27cd8aaba0,CUST-2019-TR-000034,Minibe,Duran,Minibe Duran,Male,1987-08-16,minibe.duran@zoho.com,+90(869)260-2221x487,87723 Fetullah Ramp Suite 552,Port Siti,Iowa,41770,TR,Turkey,EMEA,Turkish,Consumer,Platinum,2019-05-20,2019,NEW,True,MDM,2019-05-20,2026-04-17 15:58:31.046917
0bf9aab2-c4fc-45c1-b9c3-3f8d3a2c9b53,CUST-2019-TR-000035,Tanır,Durdu,Tanır Durdu,Female,1957-07-30,tanr.durdu@aol.com,0363-553 9690,687 Gülgüzel Parks Apt. 011,Port Türcanborough,Georgia,94220,TR,Turkey,EMEA,Turkish,Consumer,Silver,2019-06-12,2019,NEW,True,MDM,2019-06-12,2026-04-17 15:58:31.046975
0e9bffb2-aecf-4f80-a3f7-f0c508ee409f,CUST-2019-TR-000036,Velitdin,Eraslan,Velitdin Eraslan,Female,1981-07-01,velitdin.eraslan342@gmail.com,792 5 783,6348 Nayil Summit Suite 784,West Oguş,Louisiana,41924,TR,Turkey,EMEA,Turkish,Consumer,None,2019-04-04,2019,NEW,True,MDM,2019-04-04,2026-04-17 15:58:31.047029
8c679cde-4aef-44ba-83c4-4e2576656d09,CUST-2019-TR-000037,Gülbeyan,Aslan,Gülbeyan Aslan,Female,1979-04-03,glbeyan.aslan@yahoo.com,(080)859 8102,638 Kısakürek Station Suite 083,New Kırgızborough,Alabama,79060,TR,Turkey,EMEA,Turkish,Education,None,2019-10-22,2019,NEW,True,MDM,2019-10-22,2026-04-17 15:58:31.047086
9de29181-663b-49b2-8833-5e453d46390e,CUST-2019-TR-000038,Mükrüme,Çorlu,Mükrüme Çorlu,Male,1983-03-05,mkrme.orlu@icloud.com,+90(561)413-0617x9760,252 Arslan Club Apt. 623,New Olca,Montana,71915,TR,Turkey,EMEA,Turkish,Business,Gold,2019-07-28,2019,NEW,True,MDM,2019-07-28,2026-04-17 15:58:31.047146
8988f65d-b4be-4b96-847d-9bda99cf1b26,CUST-2019-TR-000039,Sefer,Arsoy,Sefer Arsoy,Male,2002-12-18,sefer.arsoy@hotmail.com,0211 847 75 38,935 Çamurcuoğlu Junctions Suite 000,North Narhanimborough,Iowa,90350,TR,Turkey,EMEA,Turkish,Business,Silver,2019-10-06,2019,NEW,True,MDM,2019-10-06,2026-04-17 15:58:31.047203
f9128995-da19-4c4a-82c3-703813e0e252,CUST-2019-TR-000040,Diken,Manço,Diken Manço,Male,1988-07-01,diken.mano@gmx.com,+90(459)9968191,271 Sezgin Plaza Apt. 950,Port Durukburgh,Mississippi,66166,TR,Turkey,EMEA,Turkish,Education,None,2019-08-27,2019,NEW,True,MDM,2019-08-27,2026-04-17 15:58:31.047260
92304726-f1b9-4e6e-a557-a96c5edbe702,CUST-2019-TR-000041,Yilmaz,İnönü,Yilmaz İnönü,Female,1985-11-16,yilmaz.inn@gmail.com,+90(278)1168308,15096 Gülen Radial,South Dincerchester,Wisconsin,65016,TR,Turkey,EMEA,Turkish,Consumer,None,2019-08-13,2019,NEW,True,MDM,2019-08-13,2026-04-17 15:58:31.047314
a1c5a783-0119-41b8-a91c-e5f5800d18d1,CUST-2019-TR-000042,Sefer,Manço,Sefer Manço,Male,1987-07-01,sefer.mano404@live.com,+90(534)1481561,3003 Sezer Knoll,Akdenizland,Montana,55176,TR,Turkey,EMEA,Turkish,Business,None,2019-12-23,2019,NEW,True,MDM,2019-12-23,2026-04-17 15:58:31.047367
4c1f7e9b-b398-475e-9ff1-86127921e02d,CUST-2019-TR-000043,Şahıgül,Alemdar,Şahıgül Alemdar,Female,1986-08-28,ahgl.alemdar@gmx.com,+90(014)5809071,89800 Tuğçe Mall,Besinstad,Maryland,43710,TR,Turkey,EMEA,Turkish,Business,None,2019-07-23,2019,NEW,True,MDM,2019-07-23,2026-04-17 15:58:31.047419
cf83104d-2981-4315-bc28-121faab4fca0,CUST-2019-TR-000044,İmam,Güçlü,İmam Güçlü,Female,1975-02-15,imam.gl@icloud.com,+90(242)741-4955x272,298 Yılmaz Greens,New Gülgenview,Utah,25416,TR,Turkey,EMEA,Turkish,Business,Silver,2019-06-09,2019,NEW,True,MDM,2019-06-09,2026-04-17 15:58:31.047473
028348e1-64a5-4b10-a0a6-215f7998261a,CUST-2019-TR-000045,Öncel,Duran,Öncel Duran,Female,1990-08-22,ncel.duran71@icloud.com,+90(241)857-2565x315,91865 Hayrioğlu Forges Apt. 213,West Sanavber,Indiana,78565,TR,Turkey,EMEA,Turkish,Business,Gold,2019-05-28,2019,NEW,True,MDM,2019-05-28,2026-04-17 15:58:31.047531
baf606ee-0016-4e33-bb3a-16c1e747698d,CUST-2019-TR-000046,Serol,Sezer,Serol Sezer,Male,1978-01-19,serol.sezer@msn.com,0562 164 28 28,3697 Karadeniz Field,Tunçboğafort,Maine,46561,TR,Turkey,EMEA,Turkish,Education,None,2019-08-22,2019,NEW,True,MDM,2019-08-22,2026-04-17 15:58:31.047583
0e96bcda-9d4b-4284-8db2-2fc4ce1d201d,CUST-2019-TR-000047,Atılgan,Çetin,Atılgan Çetin,Male,1990-02-17,atlgan.etin@zoho.com,+90 (614) 2104622,55048 Denizalp Summit Suite 312,İzelfort,Utah,54566,TR,Turkey,EMEA,Turkish,Business,Silver,2019-06-13,2019,NEW,True,MDM,2019-06-13,2026-04-17 15:58:31.047639
49d08828-c163-4338-94b7-fad35aece219,CUST-2019-TR-000048,Öryürek,Çorlu,Öryürek Çorlu,Female,1987-05-28,ryrek.orlu993@hotmail.com,+90(527)074-4627x2631,796 Türk Spring Suite 065,North Zalihatown,Delaware,50585,TR,Turkey,EMEA,Turkish,Education,Platinum,2019-04-08,2019,NEW,True,MDM,2019-04-08,2026-04-17 15:58:31.047699
af23969d-ac98-4886-8a29-5daed651d3cb,CUST-2019-TR-000049,Özbay,Akçay,Özbay Akçay,Male,2000-12-31,zbay.akay25@gmx.com,+90(351)273-2354x6491,1288 Aksu Stream,Erdoğanchester,Delaware,13469,TR,Turkey,EMEA,Turkish,Consumer,None,2019-04-14,2019,NEW,True,MDM,2019-04-14,2026-04-17 15:58:31.047752
b05b2ba7-8573-459c-9cb6-46a897f64428,CUST-2019-TR-000050,Henife,Aslan,Henife Aslan,Female,1973-02-12,henife.aslan@aol.com,(869)562 8634,464 Rezzak Heights Apt. 522,South Efehaven,Massachusetts,92302,TR,Turkey,EMEA,Turkish,Business,Gold,2019-02-15,2019,NEW,False,MDM,2019-02-15,2026-04-17 15:58:31.047808
c60ef33f-fe60-4156-b181-d93c6b6cfa4d,CUST-2019-TR-000051,Nas,Yüksel,Nas Yüksel,Male,1994-03-24,nas.yksel@aol.com,+90(445)3863891,3762 Yıldırım Hills,Sezerborough,Michigan,80825,TR,Turkey,EMEA,Turkish,Consumer,Platinum,2019-10-25,2019,NEW,False,MDM,2019-10-25,2026-04-17 15:58:31.047860
2bcc7abc-805a-4437-a874-065ccb83fd35,CUST-2019-TR-000052,Dilara,Öcalan,Dilara Öcalan,Male,2007-12-01,dilara.calan@mail.com,+90 (232) 7989089,00697 Kefser Village Suite 976,Nuyanhaven,Vermont,90163,TR,Turkey,EMEA,Turkish,Consumer,None,2019-12-19,2019,NEW,True,MDM,2019-12-19,2026-04-17 15:58:31.047916
67ea9b91-3964-4ba7-add1-d344dd4a4939,CUST-2019-TR-000053,Erten,Akdeniz,Erten Akdeniz,Male,1954-04-12,erten.akdeniz@gmx.com,+90(204)327-9627x1727,769 Gülçe Plains Apt. 246,Şafakborough,Tennessee,82109,TR,Turkey,EMEA,Turkish,Business,Silver,2019-04-27,2019,NEW,False,MDM,2019-04-27,2026-04-17 15:58:31.047974
f313d957-da07-4be7-97ec-99efb03c9973,CUST-2019-TR-000054,Selatin,Yorulmaz,Selatin Yorulmaz,Female,1989-11-08,selatin.yorulmaz@mail.com,0198 630 89 86,420 Manço Ville Suite 971,Fıratberg,Florida,67533,TR,Turkey,EMEA,Turkish,Education,None,2019-05-14,2019,NEW,True,MDM,2019-05-14,2026-04-17 15:58:31.048030
9988cb88-eafd-430d-b13e-761083b19290,CUST-2019-TR-000055,Gülev,Aksu,Gülev Aksu,Female,1999-11-11,glev.aksu@yahoo.com,0522 338 35 92,345 Feyha Orchard Suite 334,North Möhsim,New Mexico,81644,TR,Turkey,EMEA,Turkish,Education,None,2019-04-24,2019,NEW,True,MDM,2019-04-24,2026-04-17 15:58:31.048085
57b93d8a-367c-4c69-bb60-987dea4489aa,CUST-2019-TR-000056,Günden,Tevetoğlu,Günden Tevetoğlu,Female,1956-06-26,gnden.tevetolu@yahoo.com,(282)800 5965,168 Günar Junction Apt. 877,Akdenizchester,Oregon,66954,TR,Turkey,EMEA,Turkish,Consumer,None,2019-04-06,2019,NEW,True,MDM,2019-04-06,2026-04-17 15:58:31.048140
bdb9dd9f-69a0-418e-87e4-cdc935320dfd,CUST-2019-TR-000057,Nefaret,Hayrioğlu,Nefaret Hayrioğlu,Female,1969-10-28,nefaret.hayriolu473@gmx.com,571 8 832,837 Çetin Loop,Öktürkburgh,Iowa,05802,TR,Turkey,EMEA,Turkish,Consumer,None,2019-01-13,2019,NEW,True,MDM,2019-01-13,2026-04-17 15:58:31.048190
82100e09-a81f-463a-9b2e-3ebdf6848d32,CUST-2019-TR-000058,Bahittin,Sezer,Bahittin Sezer,Male,1957-02-24,bahittin.sezer@hotmail.com,+90(414)418-5784x251,3102 Yılmaz Point,Akmaralfurt,Maine,51523,TR,Turkey,EMEA,Turkish,Education,Platinum,2019-12-06,2019,NEW,True,MDM,2019-12-06,2026-04-17 15:58:31.048243
422040a8-da31-459d-8e4f-083c63d5c13c,CUST-2019-TR-000059,Nazi,Ülker,Nazi Ülker,Male,1985-05-18,nazi.lker@aol.com,+90(432)432-4849x8148,1525 Sümeyye Glen Apt. 209,Nuriyetshire,Colorado,32564,TR,Turkey,EMEA,Turkish,Consumer,None,2019-09-27,2019,NEW,True,MDM,2019-09-27,2026-04-17 15:58:31.048300
e303e1e7-b417-4e98-acf0-a1f2e87e3ece,CUST-2019-TR-000060,Hatin,Sezgin,Hatin Sezgin,Male,1995-03-13,hatin.sezgin77@outlook.com,0864-218 1579,02457 Korutürk Rapids,Akdenizville,Colorado,53830,TR,Turkey,EMEA,Turkish,Education,None,2019-11-14,2019,NEW,True,MDM,2019-11-14,2026-04-17 15:58:31.048353
47bc6d0e-7cbc-4fcf-9fe1-f28975d5f9ee,CUST-2019-TR-000061,Hıfzullah,Akça,Hıfzullah Akça,Female,2004-11-17,hfzullah.aka@gmx.com,+90(510)5738227,88828 Mutluhan Gardens Apt. 684,Alemdarfurt,Virginia,78875,TR,Turkey,EMEA,Turkish,Consumer,Gold,2019-02-10,2019,NEW,True,MDM,2019-02-10,2026-04-17 15:58:31.048408
1c11048c-5bd0-4091-8f5c-0b5589e97ae4,CUST-2019-TR-000062,İlper,Durmuş,İlper Durmuş,Male,1956-11-12,ilper.durmu677@mail.com,369 4 591,700 Torhan Mills Suite 499,Aksubury,Nebraska,49229,TR,Turkey,EMEA,Turkish,Consumer,None,2019-01-19,2019,NEW,False,MDM,2019-01-19,2026-04-17 15:58:31.048462
85e4b79f-8eb4-46f3-a5d3-bbec08bd5972,CUST-2019-TR-000063,Fehmiye,Erdoğan,Fehmiye Erdoğan,Male,2006-06-14,fehmiye.erdoan@hotmail.com,(263)769 8344,4600 Çorlu Lakes,North Merzuk,Montana,43121,TR,Turkey,EMEA,Turkish,Consumer,Gold,2019-06-14,2019,NEW,True,MDM,2019-06-14,2026-04-17 15:58:31.048512
1b150803-be83-4666-a96a-7615f3298387,CUST-2019-TR-000064,Atnan,Akar,Atnan Akar,Female,1977-07-23,atnan.akar@gmx.com,(268)699 5152,17410 Aksu Course Apt. 250,West Gülseren,Alaska,52378,TR,Turkey,EMEA,Turkish,Business,None,2019-06-09,2019,NEW,True,MDM,2019-06-09,2026-04-17 15:58:31.048568
f19d20e1-91cc-4221-a948-ba196be4139f,CUST-2019-TR-000065,Nerim,Karadeniz,Nerim Karadeniz,Male,1969-11-23,nerim.karadeniz@outlook.com,00407538065,08364 Yönetmen Bridge Suite 659,Port Töreltown,New Hampshire,04573,TR,Turkey,EMEA,Turkish,Education,Gold,2019-07-21,2019,NEW,False,MDM,2019-07-21,2026-04-17 15:58:31.048625
187b9739-bc83-4ae9-9f2d-028c648bdca2,CUST-2019-TR-000066,Sırriye,Alemdar,Sırriye Alemdar,Female,1972-04-01,srriye.alemdar@gmx.com,0709-104 6713,214 Alemdar Pike,Tayyipstad,Pennsylvania,31033,TR,Turkey,EMEA,Turkish,Consumer,None,2019-08-04,2019,NEW,True,MDM,2019-08-04,2026-04-17 15:58:31.048674
a692c31e-436f-44fc-927a-ee0dc187f739,CUST-2019-TR-000067,Memili,Arslan,Memili Arslan,Male,1972-02-18,memili.arslan@zoho.com,0405 435 77 02,266 İlklima Ferry Apt. 841,Akdenizberg,Rhode Island,15319,TR,Turkey,EMEA,Turkish,Business,Platinum,2019-04-29,2019,NEW,True,MDM,2019-04-29,2026-04-17 15:58:31.048729
53bea933-b8ca-4cd9-ad2d-7516108f82b4,CUST-2019-TR-000068,Mahsun,Hayrioğlu,Mahsun Hayrioğlu,Male,2004-06-25,mahsun.hayriolu@outlook.com,(565)369 0356,0307 Ülker Common Apt. 476,Lake Ünlen,New Hampshire,73052,TR,Turkey,EMEA,Turkish,Education,Gold,2019-04-13,2019,NEW,True,MDM,2019-04-13,2026-04-17 15:58:31.048784
c0e645bd-f0bb-470e-b740-619e5036fd0d,CUST-2019-TR-000069,Çeviköz,Aksu,Çeviköz Aksu,Female,1971-01-10,evikz.aksu763@hotmail.com,+90(766)969-5609x6013,4784 Vargın Isle Apt. 640,East Şevket,Utah,08846,TR,Turkey,EMEA,Turkish,Consumer,None,2019-09-06,2019,NEW,True,MDM,2019-09-06,2026-04-17 15:58:31.048843
c8eaf96b-41b4-47fa-adc9-2e5eb773cef8,CUST-2019-TR-000070,Sahil,Sakarya,Sahil Sakarya,Male,1967-02-11,sahil.sakarya@outlook.com,0642-717 9106,11075 Melihcan Plaza Suite 158,Demirbükenfort,Mississippi,04005,TR,Turkey,EMEA,Turkish,Consumer,Gold,2019-08-22,2019,NEW,True,MDM,2019-08-22,2026-04-17 15:58:31.048898
01c4ac19-4381-4c1f-8c55-380ee9c9e648,CUST-2019-TR-000071,Natalia,Ertaş,Natalia Ertaş,Female,1984-08-28,natalia.erta@zoho.com,338 8 230,8484 Karadeniz Springs,Selaheddinburgh,Connecticut,91236,TR,Turkey,EMEA,Turkish,Consumer,Silver,2019-07-15,2019,NEW,True,MDM,2019-07-15,2026-04-17 15:58:31.048948
68761515-8cae-4a72-94e1-3b7bd15b7ace,CUST-2019-TR-000072,Bilender,Sezgin,Bilender Sezgin,Male,1968-09-10,bilender.sezgin@yahoo.com,0665-779 8610,0086 Yıldırım Shores Apt. 513,West Erenalp,Vermont,53572,TR,Turkey,EMEA,Turkish,Consumer,Platinum,2019-10-26,2019,NEW,True,MDM,2019-10-26,2026-04-17 15:58:31.049003
22bc314e-3f1d-4474-afbe-7c3afa35382d,CUST-2019-TR-000073,Neslinur,Şener,Neslinur Şener,Female,1986-02-14,neslinur.ener57@outlook.com,0574 216 10 67,86997 Aygönenç Ferry,Yılmazton,Illinois,08103,TR,Turkey,EMEA,Turkish,Consumer,Silver,2019-08-13,2019,NEW,True,MDM,2019-08-13,2026-04-17 15:58:31.049056
e506e643-2614-4255-8fb0-3585b9761e3f,CUST-2019-TR-000074,Aynımah,Akar,Aynımah Akar,Female,1964-09-30,aynmah.akar@aol.com,768 2 481,265 Seven Squares,Korutürkside,New Mexico,24457,TR,Turkey,EMEA,Turkish,Consumer,Silver,2019-11-13,2019,NEW,True,MDM,2019-11-13,2026-04-17 15:58:31.049104
c25c795d-8dbb-48ef-8a66-66b412501b85,CUST-2019-TR-000075,Nurcan,Zorlu,Nurcan Zorlu,Male,1956-01-19,nurcan.zorlu@aol.com,+90 (649) 9787546,3258 Feyzin Wall Suite 114,East Onatberg,North Carolina,24376,TR,Turkey,EMEA,Turkish,Business,Silver,2019-03-25,2019,NEW,True,MDM,2019-03-25,2026-04-17 15:58:31.049161
bed206fd-43fa-407c-bd35-732c521d32eb,CUST-2019-TR-000076,Aköz,Demirel,Aköz Demirel,Female,1989-08-09,akz.demirel@zoho.com,0866 807 71 05,142 Zengin Track Apt. 679,West Erdursunstad,Oklahoma,54321,TR,Turkey,EMEA,Turkish,Consumer,Silver,2019-11-16,2019,NEW,True,MDM,2019-11-16,2026-04-17 15:58:31.049219
488a539c-21cf-4b09-b3ce-5661afb6900e,CUST-2019-TR-000077,Abdürreşit,Yılmaz,Abdürreşit Yılmaz,Female,1977-08-24,abdrreit.ylmaz@mail.com,929 1 211,80884 Akçabay Landing,Port Bilginur,Connecticut,49160,TR,Turkey,EMEA,Turkish,Consumer,None,2019-03-26,2019,NEW,True,MDM,2019-03-26,2026-04-17 15:58:31.049271
b99c79d6-0cdd-4333-bdad-0d47ddc04f53,CUST-2019-TR-000078,Alparslan,Ertaş,Alparslan Ertaş,Male,1950-09-08,alparslan.erta@gmx.com,0044 932 98 32,17289 Arcan Hill,New Emrullah,Idaho,05479,TR,Turkey,EMEA,Turkish,Consumer,None,2019-09-05,2019,NEW,True,MDM,2019-09-05,2026-04-17 15:58:31.049329
b215185b-b30e-4d96-814b-48fc7572a5f5,CUST-2019-TR-000079,Narhanim,Soylu,Narhanim Soylu,Female,1970-11-25,narhanim.soylu@yahoo.com,+90(121)3597445,21763 Eraslan Wall Suite 439,Lake Altınçiçek,Maryland,55740,TR,Turkey,EMEA,Turkish,Consumer,Gold,2019-12-06,2019,NEW,True,MDM,2019-12-06,2026-04-17 15:58:31.049387
c3af0b0a-be82-4f7f-80ef-e081b8ca637b,CUST-2019-TR-000080,Serezli,Seven,Serezli Seven,Male,1958-09-14,serezli.seven846@mail.com,+90(203)398-7519x804,736 Ergül Cliffs,Gülborough,Virginia,82778,TR,Turkey,EMEA,Turkish,Consumer,None,2019-06-21,2019,NEW,True,MDM,2019-06-21,2026-04-17 15:58:31.049440
b7c3df84-3096-4c79-b8c7-df9cfa27d7e1,CUST-2019-TR-000081,Nurseda,Erdoğan,Nurseda Erdoğan,Female,1966-08-08,nurseda.erdoan@protonmail.com,0856 832 97 87,570 Şener Mountains Suite 451,Akdenizfurt,California,30372,TR,Turkey,EMEA,Turkish,Consumer,Gold,2019-11-15,2019,NEW,True,MDM,2019-11-15,2026-04-17 15:58:31.049495
b196c5d7-70e5-4316-8200-a0549aeb889b,CUST-2019-TR-000082,Nazıdil,Fırat,Nazıdil Fırat,Female,1976-01-03,nazdil.frat@gmx.com,+90 (604) 4419222,2896 Cansin Unions Apt. 396,Meleknurbury,North Carolina,13935,TR,Turkey,EMEA,Turkish,Business,None,2019-05-16,2019,NEW,True,MDM,2019-05-16,2026-04-17 15:58:31.049550
87224e81-e2f9-4da4-a5da-3426ca1eba45,CUST-2019-TR-000083,Simber,Alemdar,Simber Alemdar,Female,1951-06-21,simber.alemdar@hotmail.com,+90(341)915-3198x3278,5937 Şafak Viaduct Apt. 603,Lerzeberg,Oregon,58332,TR,Turkey,EMEA,Turkish,Business,Silver,2019-10-12,2019,NEW,True,MDM,2019-10-12,2026-04-17 15:58:31.049607
bcb46d2e-92b0-4843-ad55-d4009b8f537b,CUST-2019-TR-000084,Borahan,Öcalan,Borahan Öcalan,Male,1959-10-11,borahan.calan@outlook.com,493 5 373,785 Aksu Run,Abdülsamedtown,Alabama,35954,TR,Turkey,EMEA,Turkish,Business,Silver,2019-03-24,2019,NEW,True,MDM,2019-03-24,2026-04-17 15:58:31.049656
bef2db98-52fa-47d2-a8d3-dbc8417427ea,CUST-2019-TR-000085,Karlukhan,Yılmaz,Karlukhan Yılmaz,Female,2000-04-11,karlukhan.ylmaz@live.com,887 3 851,98800 Karadeniz Trail,Çetinfurt,Louisiana,52650,TR,Turkey,EMEA,Turkish,Consumer,Gold,2019-03-31,2019,NEW,True,MDM,2019-03-31,2026-04-17 15:58:31.049705
e12fbaa9-6120-4a5d-9ae7-e43ec040e0b9,CUST-2019-TR-000086,Yilmaz,Gül,Yilmaz Gül,Male,1972-08-22,yilmaz.gl@icloud.com,167 1 815,83009 Gülzadiye Ford,New Fildanhaven,South Carolina,23996,TR,Turkey,EMEA,Turkish,Consumer,None,2019-10-03,2019,NEW,True,MDM,2019-10-03,2026-04-17 15:58:31.049757
878c0f7f-a65e-4149-a670-b1e0d1802007,CUST-2019-TR-000087,Sebigül,Soylu,Sebigül Soylu,Female,1957-08-12,sebigl.soylu@protonmail.com,531 5 203,64081 Ağmur Street,Yurtsevenside,Missouri,51647,TR,Turkey,EMEA,Turkish,Consumer,None,2019-03-12,2019,NEW,True,MDM,2019-03-12,2026-04-17 15:58:31.049808
e1f88217-14c0-4ffe-b65c-c6367f6437d3,CUST-2019-TR-000088,Cemiyle,Manço,Cemiyle Manço,Female,1987-02-19,cemiyle.mano@live.com,+90(169)383-2063x8780,97616 Gül Islands Apt. 646,West Avunç,North Carolina,81100,TR,Turkey,EMEA,Turkish,Consumer,None,2019-12-07,2019,NEW,True,MDM,2019-12-07,2026-04-17 15:58:31.049865
7d8a5644-2305-4969-855a-27604c8a84f0,CUST-2019-TR-000089,Zöhrehan,Akçay,Zöhrehan Akçay,Male,1997-01-27,zhrehan.akay@msn.com,+90 (039) 2363167,99721 Zengin Plaza,Akdenizside,Wisconsin,39087,TR,Turkey,EMEA,Turkish,Business,Silver,2019-07-16,2019,NEW,True,MDM,2019-07-16,2026-04-17 15:58:31.049916
2c4f2337-9667-4396-9ba1-1de55e9579b8,CUST-2019-TR-000090,Nefaret,Hançer,Nefaret Hançer,Female,1994-07-26,nefaret.haner231@aol.com,924 9 298,9785 Gülbiye Drives Suite 855,Sezerview,Minnesota,16176,TR,Turkey,EMEA,Turkish,Consumer,Silver,2019-12-08,2019,NEW,True,MDM,2019-12-08,2026-04-17 15:58:31.049970
5d3f089a-f8eb-43df-a347-0a41efa357ca,CUST-2019-TR-000091,Kırgız,Çorlu,Kırgız Çorlu,Male,1999-06-08,krgz.orlu454@gmail.com,0003 578 56 56,184 Şama Groves Apt. 875,Lake Aylilburgh,North Dakota,43557,TR,Turkey,EMEA,Turkish,Consumer,None,2019-07-19,2019,NEW,True,MDM,2019-07-19,2026-04-17 15:58:31.050028
ca2543d9-276f-4f48-bffc-a31301ea1208,CUST-2019-TR-000092,Çelikyürek,Bilir,Çelikyürek Bilir,Male,1953-07-26,elikyrek.bilir@yahoo.com,+90 (299) 3712749,9636 Sezgin Route,Lake Zinnure,Connecticut,47078,TR,Turkey,EMEA,Turkish,Consumer,None,2019-05-12,2019,NEW,True,MDM,2019-05-12,2026-04-17 15:58:31.050078
cdada4a4-969d-4347-9e3e-def51b8942bf,CUST-2019-TR-000093,Cercis,Güçlü,Cercis Güçlü,Female,1966-06-11,cercis.gl@gmx.com,0046-824 4287,02246 Akınal Hill Suite 949,West Börteçin,Connecticut,25328,TR,Turkey,EMEA,Turkish,Business,None,2019-03-29,2019,NEW,True,MDM,2019-03-29,2026-04-17 15:58:31.050135
e77cea19-6e54-4c03-bebc-6b6cbc27881d,CUST-2019-TR-000094,Temuçin,Çetin,Temuçin Çetin,Male,1966-02-15,temuin.etin226@msn.com,+90 (091) 6092977,7486 Melikkan Crossing Apt. 547,Abdülhadiland,Tennessee,14890,TR,Turkey,EMEA,Turkish,Business,Silver,2019-12-08,2019,NEW,False,MDM,2019-12-08,2026-04-17 15:58:31.050191
1f362e47-4dc3-4f17-bba3-c2d7e2c1a697,CUST-2019-TR-000095,Leyli,Soylu,Leyli Soylu,Male,1965-06-18,leyli.soylu665@gmx.com,(898)250 9363,9249 Özgün Hollow Suite 949,Aksöğütstad,Missouri,84271,TR,Turkey,EMEA,Turkish,Consumer,Silver,2019-02-10,2019,NEW,True,MDM,2019-02-10,2026-04-17 15:58:31.050246
835d22b6-3fa1-4781-9d7f-d25dd9b4737c,CUST-2019-TR-000096,Orgün,Demir,Orgün Demir,Male,1960-12-22,orgn.demir260@zoho.com,01396753842,3605 Seven View Apt. 456,Mükraminchester,Georgia,91130,TR,Turkey,EMEA,Turkish,Consumer,None,2019-12-24,2019,NEW,True,MDM,2019-12-24,2026-04-17 15:58:31.050301
e5f762e4-2809-428c-8100-cba5bcc76225,CUST-2019-TR-000097,Emine.,Kısakürek,Emine. Kısakürek,Female,2005-02-02,emine..ksakrek@hotmail.com,483 9 831,0316 Sezer Plain Suite 006,Zihnifort,Illinois,47383,TR,Turkey,EMEA,Turkish,Consumer,None,2019-04-26,2019,NEW,True,MDM,2019-04-26,2026-04-17 15:58:31.050354
1409b52c-f46c-49fd-9a69-f17b4ab5f995,CUST-2019-TR-000098,Arkut,Seven,Arkut Seven,Male,2004-10-04,arkut.seven@live.com,974 2 894,43903 Duran Estate Apt. 031,New Efilton,Delaware,22887,TR,Turkey,EMEA,Turkish,Consumer,None,2019-09-03,2019,NEW,True,MDM,2019-09-03,2026-04-17 15:58:31.050421
d406da10-a8fd-4ce3-822e-5cf5f1708b57,CUST-2019-TR-000099,Nehip,Gül,Nehip Gül,Male,1981-08-28,nehip.gl@hotmail.com,+90(928)3535264,464 Salimet Run Suite 130,Akçaborough,Utah,67868,TR,Turkey,EMEA,Turkish,Business,None,2019-09-18,2019,NEW,True,MDM,2019-09-18,2026-04-17 15:58:31.050476
840a231a-e5f2-4d28-bab7-a85a15e3d2ff,CUST-2019-TR-000100,Özçam,Fırat,Özçam Fırat,Male,1967-10-04,zam.frat718@aol.com,0619-517 3283,7783 Bilir Ford,Hatinfurt,West Virginia,80183,TR,Turkey,EMEA,Turkish,Consumer,Platinum,2019-09-24,2019,NEW,True,MDM,2019-09-24,2026-04-17 15:58:31.050528
c9e94ed8-00d8-4ff0-97a4-25b805499d6d,CUST-2019-TR-000101,Güler,Bilir,Güler Bilir,Male,1968-10-30,gler.bilir@gmail.com,(851)735 5227,1550 Fırat Squares,Çelikyürekshire,Wyoming,39233,TR,Turkey,EMEA,Turkish,Business,Silver,2019-06-12,2019,NEW,True,MDM,2019-06-12,2026-04-17 15:58:31.050579
6921dde4-87d4-40cb-9343-14634d94b320,CUST-2019-TR-000102,Sernur,Sezer,Sernur Sezer,Male,1965-03-28,sernur.sezer@icloud.com,977 7 806,717 Coşkun Trail,South Yurdasershire,Nebraska,06706,TR,Turkey,EMEA,Turkish,Consumer,None,2019-01-17,2019,NEW,True,MDM,2019-01-17,2026-04-17 15:58:31.050629
a49f088c-c9e0-429b-ab97-6a574060d798,CUST-2019-TR-000103,İntihap,Akçay,İntihap Akçay,Female,1980-11-26,intihap.akay@hotmail.com,+90(896)697-2764x652,67362 Nasiba Views Suite 114,Şafaktown,Maine,16967,TR,Turkey,EMEA,Turkish,Consumer,None,2019-04-01,2019,NEW,True,MDM,2019-04-01,2026-04-17 15:58:31.050687
61dedd63-dd8d-458b-b111-52f32d272e5a,CUST-2019-TR-000104,Azade,Dumanlı,Azade Dumanlı,Male,1983-06-04,azade.dumanl793@protonmail.com,(017)490 1395,434 Aysevim Spur,South Güçyeterside,New Mexico,38698,TR,Turkey,EMEA,Turkish,Consumer,Silver,2019-02-10,2019,NEW,True,MDM,2019-02-10,2026-04-17 15:58:31.050739
d2862eaf-e671-459c-9b2e-8114e4777f08,CUST-2019-TR-000105,Aybet,Aksu,Aybet Aksu,Female,1977-05-19,aybet.aksu@mail.com,+90(867)826-1301x696,805 Hakikat Union Suite 850,Cavitville,New Mexico,09932,TR,Turkey,EMEA,Turkish,Consumer,Platinum,2019-04-27,2019,NEW,True,MDM,2019-04-27,2026-04-17 15:58:31.050795
fe450841-fb54-48a0-b48a-7809318de296,CUST-2019-TR-000106,Önel,Gülen,Önel Gülen,Female,1973-10-27,nel.glen@yahoo.com,(852)923 9745,65035 Akçay Flats Apt. 267,South Taşkanhaven,Louisiana,96267,TR,Turkey,EMEA,Turkish,Consumer,None,2019-04-26,2019,NEW,False,MDM,2019-04-26,2026-04-17 15:58:31.050852
f10ccbe6-0f8a-47bf-a833-ebc8bf4f5e63,CUST-2019-TR-000107,Fidaye,Ertaş,Fidaye Ertaş,Male,1978-09-03,fidaye.erta743@mail.com,990 6 207,12357 Avşin Inlet Apt. 963,Port Canberk,Wisconsin,79503,TR,Turkey,EMEA,Turkish,Consumer,Silver,2019-04-22,2019,NEW,True,MDM,2019-04-22,2026-04-17 15:58:31.050907
d67fea2d-f050-4498-b70e-947bdbcc503c,CUST-2019-TR-000108,Temime,Akçay,Temime Akçay,Male,1966-03-11,temime.akay@yahoo.com,(141)765 6660,4181 Nevsal Parkway Suite 800,Zorlumouth,Oregon,79246,TR,Turkey,EMEA,Turkish,Education,None,2019-11-23,2019,NEW,True,MDM,2019-11-23,2026-04-17 15:58:31.050962
5e699b7e-f45a-4462-89a6-0374fe4b602b,CUST-2019-TR-000109,Mefarettin,İhsanoğlu,Mefarettin İhsanoğlu,Female,2001-07-11,mefarettin.ihsanolu@mail.com,0134 839 99 21,158 Çisem Corners,North Edaviyemouth,New Jersey,11241,TR,Turkey,EMEA,Turkish,Education,None,2019-10-24,2019,NEW,True,MDM,2019-10-24,2026-04-17 15:58:31.051014
86d2a4d6-4e61-47ea-b428-734042da898b,CUST-2019-TR-000110,Ekber,İnönü,Ekber İnönü,Female,2007-05-14,ekber.inn@msn.com,+90(569)885-0867x322,75864 Erdoğan Route,East Zerafet,Maine,64594,TR,Turkey,EMEA,Turkish,Consumer,Platinum,2019-02-22,2019,NEW,True,MDM,2019-02-22,2026-04-17 15:58:31.051067
213b9034-b44c-475a-83a9-20d97ceff2fb,CUST-2019-TR-000111,Bilay,Bilgin,Bilay Bilgin,Female,1979-08-21,bilay.bilgin@icloud.com,+90(790)7494646,52917 Pekkan Knoll,Ömürville,Indiana,47206,TR,Turkey,EMEA,Turkish,Education,Silver,2019-04-23,2019,NEW,True,MDM,2019-04-23,2026-04-17 15:58:31.051118
5e1f8c92-5b01-441a-b490-67ea17cd40bc,CUST-2019-TR-000112,Urhan,Akar,Urhan Akar,Male,1998-08-27,urhan.akar@zoho.com,+90(265)623-4030x426,570 Özge Inlet Suite 777,Akçaybury,Delaware,61289,TR,Turkey,EMEA,Turkish,Business,Silver,2019-03-30,2019,NEW,True,MDM,2019-03-30,2026-04-17 15:58:31.051174
6c75e6f9-8a28-4950-8d36-1f02abdcd3b4,CUST-2019-TR-000113,Akmaral,Arsoy,Akmaral Arsoy,Female,1968-12-06,akmaral.arsoy@mail.com,0568 467 65 61,57873 Bican Shore,Akdenizfort,Alaska,49461,TR,Turkey,EMEA,Turkish,Consumer,Silver,2019-07-04,2019,NEW,True,MDM,2019-07-04,2026-04-17 15:58:31.051225
44378598-7595-4340-87eb-96415c17e5d8,CUST-2019-TR-000114,Razı,Korutürk,Razı Korutürk,Male,1974-08-20,raz.korutrk@hotmail.com,+90 (582) 9273135,102 Yorulmaz Ways,Teknazmouth,Tennessee,10828,TR,Turkey,EMEA,Turkish,Consumer,None,2019-04-01,2019,NEW,True,MDM,2019-04-01,2026-04-17 15:58:31.051275
6a3907c4-1c00-4fab-b38d-53d0010d8abf,CUST-2019-TR-000115,Rasul,Arsoy,Rasul Arsoy,Male,1956-04-08,rasul.arsoy436@msn.com,0892-668 0899,6153 Arslan Ville Apt. 299,New Süleyla,Montana,18656,TR,Turkey,EMEA,Turkish,Consumer,Platinum,2019-08-27,2019,NEW,True,MDM,2019-08-27,2026-04-17 15:58:31.051331
8c52921f-511e-41c6-a14a-47d1fd2d298c,CUST-2019-TR-000116,Almast,Ertaş,Almast Ertaş,Female,2001-11-01,almast.erta@icloud.com,424 0 594,1451 Sezer Inlet Apt. 661,Tevetoğlutown,New York,12320,TR,Turkey,EMEA,Turkish,Consumer,Gold,2019-02-09,2019,NEW,True,MDM,2019-02-09,2026-04-17 15:58:31.051404
dd75b0bc-0935-463b-81e7-3f18072816cf,CUST-2019-TR-000117,Yolal,Akçay,Yolal Akçay,Male,1979-10-12,yolal.akay@gmail.com,0433-402 1483,38292 Çorlu Mill Suite 962,Aliseydiland,Minnesota,29406,TR,Turkey,EMEA,Turkish,Business,None,2019-02-19,2019,NEW,True,MDM,2019-02-19,2026-04-17 15:58:31.051466
3bac39cc-7c2a-4651-a695-8bfac75110ad,CUST-2019-TR-000118,Göknur,Durmuş,Göknur Durmuş,Female,1988-05-17,gknur.durmu@zoho.com,0446-625 7889,6321 Gülfeza River,West Üstünton,Alaska,36648,TR,Turkey,EMEA,Turkish,Consumer,Silver,2019-01-19,2019,NEW,True,MDM,2019-01-19,2026-04-17 15:58:31.051519
6598df19-00af-4c68-9187-80904735ce81,CUST-2019-TR-000119,Deviner,Zengin,Deviner Zengin,Female,1980-04-26,deviner.zengin@yahoo.com,(291)728 5981,0591 Öcalan Hills Suite 804,West Baykan,Mississippi,11546,TR,Turkey,EMEA,Turkish,Consumer,None,2019-08-29,2019,NEW,True,MDM,2019-08-29,2026-04-17 15:58:31.051574
9162c82c-03aa-4a58-857c-71c3c2efb7ff,CUST-2019-TR-000120,Semender,Sakarya,Semender Sakarya,Male,1969-07-09,semender.sakarya@msn.com,+90 (451) 5095780,333 Ertaş Locks,North Aytöz,Montana,54109,TR,Turkey,EMEA,Turkish,Consumer,None,2019-08-17,2019,NEW,True,MDM,2019-08-17,2026-04-17 15:58:31.051624
df31918d-4e5f-4e87-b401-0ea6b7d9123d,CUST-2019-TR-000121,Ayten,Zorlu,Ayten Zorlu,Female,2000-09-16,ayten.zorlu@msn.com,+90(546)3504376,1817 Nefiye Trafficway Suite 260,İnönüville,Colorado,78506,TR,Turkey,EMEA,Turkish,Consumer,None,2019-12-07,2019,NEW,True,MDM,2019-12-07,2026-04-17 15:58:31.051759
2fe558dd-3bf1-4258-9dc7-1846df5ed9c2,CUST-2019-TR-000122,Başay,Akçay,Başay Akçay,Female,2002-06-07,baay.akay@yahoo.com,0832-748 0551,2561 Şinasi Place,Öcalanbury,Minnesota,11976,TR,Turkey,EMEA,Turkish,Consumer,Silver,2019-12-29,2019,NEW,True,MDM,2019-12-29,2026-04-17 15:58:31.051861
156c8956-13a6-4614-95d5-391075c99c49,CUST-2019-TR-000123,Haluk,Şama,Haluk Şama,Male,2005-06-30,haluk.ama@zoho.com,+90 (205) 5109322,0308 Mahsun Path Apt. 540,Fatigülside,Wyoming,44288,TR,Turkey,EMEA,Turkish,Education,Silver,2019-01-17,2019,NEW,True,MDM,2019-01-17,2026-04-17 15:58:31.051931
56c72884-b4ad-4218-b7f9-f28b633ed591,CUST-2019-TR-000124,Merba,Eraslan,Merba Eraslan,Female,1962-10-31,merba.eraslan860@protonmail.com,411 3 160,381 İmren Plaza Suite 815,East Maksur,New York,24148,TR,Turkey,EMEA,Turkish,Consumer,None,2019-01-31,2019,NEW,True,MDM,2019-01-31,2026-04-17 15:58:31.052002
dec386bf-913b-4ed9-8720-04c5a603507b,CUST-2019-TR-000125,Beriye,Kısakürek,Beriye Kısakürek,Female,1991-03-01,beriye.ksakrek@zoho.com,+90(152)3347502,79993 Akçay Stream,Lake Barişhaven,Wisconsin,55142,TR,Turkey,EMEA,Turkish,Consumer,Silver,2019-01-01,2019,NEW,True,MDM,2019-01-01,2026-04-17 15:58:31.052068
995d9f73-8872-40ae-874d-caccaec98a09,CUST-2019-TR-000126,Altınbike,Zorlu,Altınbike Zorlu,Male,1987-09-23,altnbike.zorlu@yahoo.com,150 0 446,98325 Yıldırım Fall Apt. 522,Aksustad,Wisconsin,89965,TR,Turkey,EMEA,Turkish,Consumer,Silver,2019-04-27,2019,NEW,True,MDM,2019-04-27,2026-04-17 15:58:31.052129
c21a6f58-3af8-4f24-99f5-e33260b0ab0a,CUST-2019-TR-000127,Durgadin,Demirel,Durgadin Demirel,Female,1961-03-23,durgadin.demirel@hotmail.com,01939362583,31512 Heva Village,Akgündüzview,Maine,39599,TR,Turkey,EMEA,Turkish,Consumer,Platinum,2019-06-23,2019,NEW,True,MDM,2019-06-23,2026-04-17 15:58:31.052190
3de9e27c-5717-4e62-b0b8-e8d69fa27df6,CUST-2019-TR-000128,Şirivan,Tarhan,Şirivan Tarhan,Female,1957-08-15,irivan.tarhan@mail.com,(400)447 4987,651 Dürrüşehvar Forest Suite 320,North Kerime,Rhode Island,76616,TR,Turkey,EMEA,Turkish,Education,Silver,2019-08-29,2019,NEW,True,MDM,2019-08-29,2026-04-17 15:58:31.052253
41593e7c-94fb-44ca-88d2-8e3dc61324ea,CUST-2019-TR-000129,Ümmet,Şafak,Ümmet Şafak,Male,2006-03-28,mmet.afak494@hotmail.com,+90(853)4417484,88534 Aslan Trace,Taliborough,Alaska,45112,TR,Turkey,EMEA,Turkish,Consumer,None,2019-10-05,2019,NEW,True,MDM,2019-10-05,2026-04-17 15:58:31.052312
4c42f59d-b4c0-4a2d-8432-148db8d986a4,CUST-2019-TR-000130,Akar,Ergül,Akar Ergül,Male,1987-07-24,akar.ergl@outlook.com,(491)348 6656,31947 Gülen Place,Hindalport,Virginia,25376,TR,Turkey,EMEA,Turkish,Education,None,2019-06-12,2019,NEW,True,MDM,2019-06-12,2026-04-17 15:58:31.052379
0b0c379f-079f-42ab-94d9-46634e19291d,CUST-2019-TR-000131,Kaver,Ergül,Kaver Ergül,Female,1989-01-31,kaver.ergl@mail.com,0217-005 7900,420 Ersel Stravenue Suite 078,Lake Şehrebanland,Massachusetts,87627,TR,Turkey,EMEA,Turkish,Consumer,None,2019-04-18,2019,NEW,True,MDM,2019-04-18,2026-04-17 15:58:31.052439
1f1cb664-5e92-435e-b658-b0911c8a7a69,CUST-2019-TR-000132,Eflâtun,Gül,Eflâtun Gül,Male,1973-06-14,efltun.gl@zoho.com,+90(707)5457091,8990 Seven Circles Suite 086,Port Sahir,North Carolina,32570,TR,Turkey,EMEA,Turkish,Consumer,None,2019-12-04,2019,NEW,True,MDM,2019-12-04,2026-04-17 15:58:31.052503
9e25384e-448d-4a49-b3c6-714862271932,CUST-2019-TR-000133,Umuşan,Çorlu,Umuşan Çorlu,Female,1960-07-06,umuan.orlu@hotmail.com,+90(217)228-3910x972,63514 Ziyaettin Divide,Yıldırımmouth,South Dakota,12657,TR,Turkey,EMEA,Turkish,Education,None,2019-07-26,2019,NEW,True,MDM,2019-07-26,2026-04-17 15:58:31.052631
3f15abb6-0eaf-4b73-8112-4cc84c17bf09,CUST-2019-TR-000134,Tomurcuk,Fırat,Tomurcuk Fırat,Female,1973-05-18,tomurcuk.frat@gmx.com,+90(629)687-4996x5675,765 Sezer Ways,Erdoğanberg,Texas,91047,TR,Turkey,EMEA,Turkish,Consumer,Gold,2019-09-14,2019,NEW,True,MDM,2019-09-14,2026-04-17 15:58:31.052718
051ee454-87ce-4345-8fae-2fd9f5db2018,CUST-2019-TR-000135,Celilay,Akgündüz,Celilay Akgündüz,Male,2003-03-24,celilay.akgndz@live.com,484 7 853,730 Gönen Lodge Suite 414,Akarchester,New Jersey,48104,TR,Turkey,EMEA,Turkish,Business,Silver,2019-12-22,2019,NEW,True,MDM,2019-12-22,2026-04-17 15:58:31.052785
b0c01896-4190-4312-94ed-271358899932,CUST-2019-TR-000136,Oguş,Akar,Oguş Akar,Female,1997-08-25,ogu.akar@yahoo.com,0769 288 60 83,74084 Tarhan Spring,South Ebamouth,Oklahoma,50456,TR,Turkey,EMEA,Turkish,Consumer,None,2019-09-25,2019,NEW,True,MDM,2019-09-25,2026-04-17 15:58:31.052847
80af8052-d520-4231-9a2a-a169232b7a05,CUST-2019-TR-000137,Atasagun,Tarhan,Atasagun Tarhan,Female,2006-06-09,atasagun.tarhan@protonmail.com,638 1 144,937 Güçlü Park Apt. 080,East Kiramettin,Texas,02164,TR,Turkey,EMEA,Turkish,Consumer,None,2019-12-05,2019,NEW,True,MDM,2019-12-05,2026-04-17 15:58:31.052904
a9c456d1-1b89-4147-8d16-e36b8b5c85e3,CUST-2019-TR-000138,Aykutalp,Arsoy,Aykutalp Arsoy,Female,1969-08-24,aykutalp.arsoy@live.com,+90 (877) 9500337,76874 Aksu Landing,Neslinurstad,Maryland,53868,TR,Turkey,EMEA,Turkish,Consumer,Silver,2019-02-28,2019,NEW,True,MDM,2019-02-28,2026-04-17 15:58:31.052957
d3cdb8dc-4654-4bfa-b7c7-9358c413f40e,CUST-2019-TR-000139,Ebuakil,Şener,Ebuakil Şener,Female,1991-12-30,ebuakil.ener@protonmail.com,+90(397)543-5483x0972,6246 Deviner Avenue Apt. 918,New Ünlen,North Carolina,25821,TR,Turkey,EMEA,Turkish,Consumer,Gold,2019-09-14,2019,NEW,True,MDM,2019-09-14,2026-04-17 15:58:31.053016
14ba2f93-005b-4886-b3a9-9b849b301953,CUST-2019-TR-000140,Uğur,Arsoy,Uğur Arsoy,Male,1966-10-19,uur.arsoy@yahoo.com,0500-782 1676,307 Sadeti Inlet Suite 136,Mansızside,Arkansas,66548,TR,Turkey,EMEA,Turkish,Consumer,Silver,2019-08-25,2019,NEW,True,MDM,2019-08-25,2026-04-17 15:58:31.053073
d17652a0-467e-45cc-a073-6504af13c317,CUST-2019-TR-000141,Fetullah,Manço,Fetullah Manço,Male,1980-04-05,fetullah.mano@mail.com,(043)227 8886,1268 Özdeş Expressway Suite 379,Uğurtanbury,Kentucky,19939,TR,Turkey,EMEA,Turkish,Education,None,2019-08-20,2019,NEW,True,MDM,2019-08-20,2026-04-17 15:58:31.053131
0c7cec40-72fb-4514-b607-bc1c60ffa5ad,CUST-2019-TR-000142,Gökçil,Şener,Gökçil Şener,Male,1955-02-04,gkil.ener@yahoo.com,(298)209 3916,086 Zengin Landing Apt. 552,West Sühaview,Iowa,67078,TR,Turkey,EMEA,Turkish,Business,None,2019-05-12,2019,NEW,True,MDM,2019-05-12,2026-04-17 15:58:31.053270
7fcb2a2a-0c96-465b-8d74-b9d0c2314506,CUST-2019-TR-000143,İrfan,Öcalan,İrfan Öcalan,Female,1994-07-02,irfan.calan199@zoho.com,+90 (462) 1791205,63229 Pürçek Crossroad,Çetinstad,Alaska,07021,TR,Turkey,EMEA,Turkish,Consumer,Gold,2019-11-09,2019,NEW,True,MDM,2019-11-09,2026-04-17 15:58:31.053326
54176f71-9141-4c09-b774-8f6013d46324,CUST-2019-TR-000144,Çakar,Demir,Çakar Demir,Female,1967-10-17,akar.demir329@gmail.com,00580635052,2819 Altınbike Mission Apt. 104,Ecegülville,Idaho,62267,TR,Turkey,EMEA,Turkish,Consumer,Gold,2019-01-22,2019,NEW,True,MDM,2019-01-22,2026-04-17 15:58:31.053386
96be0874-3314-4371-a0a8-9f1f27be5abc,CUST-2019-TR-000145,Serda,Şafak,Serda Şafak,Male,1988-10-08,serda.afak@gmx.com,+90 (151) 9217075,07117 Cedide Terrace Apt. 497,Demirelside,South Dakota,83648,TR,Turkey,EMEA,Turkish,Consumer,Silver,2019-11-04,2019,NEW,True,MDM,2019-11-04,2026-04-17 15:58:31.053445
32c376c8-1ef0-43b7-983a-628a78582ecb,CUST-2019-TR-000146,Hüryaşar,Akdeniz,Hüryaşar Akdeniz,Male,1973-12-09,hryaar.akdeniz810@gmail.com,09958250458,09586 Şama Wells Suite 787,Sadiyestad,Idaho,99019,TR,Turkey,EMEA,Turkish,Consumer,Silver,2019-09-22,2019,NEW,True,MDM,2019-09-22,2026-04-17 15:58:31.053504
45d31dfe-034e-4f4d-987c-0c99034467a7,CUST-2019-TR-000147,Serhatmehmet,Sakarya,Serhatmehmet Sakarya,Male,1998-03-23,serhatmehmet.sakarya@hotmail.com,824 5 118,13847 Ekber Plains,East Talibe,Virginia,65885,TR,Turkey,EMEA,Turkish,Consumer,None,2019-10-09,2019,NEW,True,MDM,2019-10-09,2026-04-17 15:58:31.053556
25a4e6e2-5f50-4505-8d1a-51ec94a0fa04,CUST-2019-TR-000148,Arziye,Alemdar,Arziye Alemdar,Male,1968-02-03,arziye.alemdar995@protonmail.com,09179244723,58231 Gökçe Knolls Suite 359,Hakikatton,South Dakota,83380,TR,Turkey,EMEA,Turkish,Education,Silver,2019-11-21,2019,NEW,True,MDM,2019-11-21,2026-04-17 15:58:31.053613
decc50d3-eae8-4162-ace8-416d3919ed61,CUST-2019-TR-000149,Uluğbey,Ülker,Uluğbey Ülker,Female,1973-11-03,ulubey.lker@hotmail.com,996 1 795,86450 Mansız Flats,East Bağdaşchester,Delaware,07632,TR,Turkey,EMEA,Turkish,Business,None,2019-05-10,2019,NEW,True,MDM,2019-05-10,2026-04-17 15:58:31.053666
37bed92b-e985-41d3-837b-7cfb28115f1a,CUST-2019-TR-000150,Okseven,Sezer,Okseven Sezer,Male,1987-12-05,okseven.sezer@mail.com,+90(859)8645372,840 Haliye Road Apt. 412,North Sağcan,Louisiana,25436,TR,Turkey,EMEA,Turkish,Consumer,Platinum,2019-07-04,2019,NEW,True,MDM,2019-07-04,2026-04-17 15:58:31.053723
27369bee-9ada-43b8-9d51-87173e842e66,CUST-2019-TR-000151,Çinerk,Tarhan,Çinerk Tarhan,Female,1998-07-16,inerk.tarhan@live.com,+90(291)895-6417x0095,3009 Lezize Rest Apt. 695,İhsanoğlubury,Oregon,04443,TR,Turkey,EMEA,Turkish,Consumer,None,2019-08-19,2019,NEW,True,MDM,2019-08-19,2026-04-17 15:58:31.053783
93a19873-6b81-4212-8d9e-f491a8a45fec,CUST-2019-TR-000152,Şehza,Çamurcuoğlu,Şehza Çamurcuoğlu,Male,1989-02-08,ehza.amurcuolu@msn.com,+90(871)595-0902x590,94581 Behiza River Apt. 374,West Tangül,Tennessee,94635,TR,Turkey,EMEA,Turkish,Education,None,2019-02-10,2019,NEW,True,MDM,2019-02-10,2026-04-17 15:58:31.053842
4bf3d7f1-4cb8-4ba4-962b-d63263e0e239,CUST-2019-TR-000153,Suat,Yılmaz,Suat Yılmaz,Male,1970-09-11,suat.ylmaz@mail.com,0892 777 38 32,17646 Gülen Ramp,South Zöhrehan,Indiana,68112,TR,Turkey,EMEA,Turkish,Consumer,None,2019-08-20,2019,NEW,True,MDM,2019-08-20,2026-04-17 15:58:31.053899
532e4965-5ba7-4f0a-9306-f793c4ddd632,CUST-2019-TR-000154,Saygın,Yüksel,Saygın Yüksel,Male,2007-06-17,saygn.yksel810@gmail.com,488 7 621,764 Bilir Extension,Pesentside,Kentucky,87105,TR,Turkey,EMEA,Turkish,Consumer,None,2019-08-16,2019,NEW,True,MDM,2019-08-16,2026-04-17 15:58:31.053957
292cb785-c535-496f-9634-c3950f1b6b63,CUST-2019-TR-000155,Irıs,Yaman,Irıs Yaman,Female,1952-02-29,irs.yaman797@zoho.com,0689 605 89 20,2273 Şensoy Brooks,East Ildız,Arizona,77262,TR,Turkey,EMEA,Turkish,Consumer,None,2019-04-22,2019,NEW,True,MDM,2019-04-22,2026-04-17 15:58:31.054013
3d20cb19-dc9e-41a4-8c79-cd6afcb5bc5a,CUST-2019-TR-000156,Efe,Tarhan,Efe Tarhan,Female,1993-03-11,efe.tarhan672@live.com,(493)812 0197,6100 Mukbile Lock Apt. 911,Akdenizview,New Jersey,91791,TR,Turkey,EMEA,Turkish,Business,Silver,2019-07-13,2019,NEW,True,MDM,2019-07-13,2026-04-17 15:58:31.054073
8f910f5b-a679-4bf1-8ab9-98932428c2c0,CUST-2019-TR-000157,Yurdanur,Arslan,Yurdanur Arslan,Female,1960-01-22,yurdanur.arslan@zoho.com,+90(050)519-2371x205,177 Cindoruk Canyon Apt. 720,Lake Hatemborough,South Carolina,33989,TR,Turkey,EMEA,Turkish,Consumer,None,2019-11-04,2019,NEW,True,MDM,2019-11-04,2026-04-17 15:58:31.054137
5ae17e9d-6036-45f8-8666-a16e2f85b67b,CUST-2019-TR-000158,Şahıgül,Yüksel,Şahıgül Yüksel,Male,1982-09-30,ahgl.yksel482@outlook.com,+90(972)7905075,809 Gülenay Ridge Suite 023,North Günden,Arizona,18159,TR,Turkey,EMEA,Turkish,Consumer,Platinum,2019-05-02,2019,NEW,False,MDM,2019-05-02,2026-04-17 15:58:31.054198
b3b2b710-7b3b-46d1-b804-f1645c373b94,CUST-2019-TR-000159,Necilal,Mansız,Necilal Mansız,Male,2002-06-02,necilal.mansz@live.com,0670 635 11 03,6506 Abdulmenaf Islands,Zeynelabidinton,Louisiana,62423,TR,Turkey,EMEA,Turkish,Education,Silver,2019-06-08,2019,NEW,True,MDM,2019-06-08,2026-04-17 15:58:31.054251
2235e4d5-1678-49c9-8f08-24cddbb53c02,CUST-2019-TR-000160,Nurdeniz,Ertaş,Nurdeniz Ertaş,Male,2003-01-16,nurdeniz.erta127@protonmail.com,+90(661)5468061,75518 Bilir Parkway Suite 862,Güçlüville,North Dakota,99679,TR,Turkey,EMEA,Turkish,Education,None,2019-03-21,2019,NEW,True,MDM,2019-03-21,2026-04-17 15:58:31.054307
0aaee53d-94b4-4d76-a3da-a7c4239684ad,CUST-2019-TR-000161,Tekiner,Zorlu,Tekiner Zorlu,Female,1971-06-16,tekiner.zorlu@icloud.com,+90(921)332-8698x918,58502 Korutürk Spur Apt. 582,Aksuberg,Mississippi,08270,TR,Turkey,EMEA,Turkish,Consumer,None,2019-11-11,2019,NEW,True,MDM,2019-11-11,2026-04-17 15:58:31.054366
1b250ecb-e145-4220-b30e-a63dc871a2c4,CUST-2019-TR-000162,Lutfi,Korutürk,Lutfi Korutürk,Female,1964-02-16,lutfi.korutrk@protonmail.com,(407)732 3986,4922 Canfeza Harbor,Akartown,Connecticut,96837,TR,Turkey,EMEA,Turkish,Education,Silver,2019-09-26,2019,NEW,True,MDM,2019-09-26,2026-04-17 15:58:31.054419
30e75ea3-dd63-4870-b6bf-8a15a7037bf5,CUST-2019-TR-000163,Ruhugül,Dumanlı,Ruhugül Dumanlı,Male,1953-04-25,ruhugl.dumanl146@gmail.com,0391-189 4446,802 Ayçan Pass Suite 490,East Nurcan,Florida,05610,TR,Turkey,EMEA,Turkish,Consumer,Platinum,2019-06-28,2019,NEW,True,MDM,2019-06-28,2026-04-17 15:58:31.054476
52272ae3-d505-447a-a0d4-d73c98a2940b,CUST-2019-TR-000164,Bitül,Akça,Bitül Akça,Male,1976-06-10,bitl.aka@msn.com,0440 278 81 57,46522 Şama Spur,New Ismıktown,Montana,89864,TR,Turkey,EMEA,Turkish,Consumer,Gold,2019-07-21,2019,NEW,False,MDM,2019-07-21,2026-04-17 15:58:31.054532
8c34e8fb-34aa-426a-a295-e762045c7875,CUST-2019-TR-000165,Tanses,Yaman,Tanses Yaman,Female,2001-05-15,tanses.yaman@outlook.com,+90(271)0176009,895 Burç Park,East Fetullah,South Carolina,40336,TR,Turkey,EMEA,Turkish,Consumer,Silver,2019-09-06,2019,NEW,True,MDM,2019-09-06,2026-04-17 15:58:31.054582
eeb2b225-660a-4d72-9f95-7346be00d43f,CUST-2019-TR-000166,Heva,Ülker,Heva Ülker,Female,1974-08-28,heva.lker@gmx.com,0300 230 24 12,309 Eşref Alley,Şenerberg,Pennsylvania,25482,TR,Turkey,EMEA,Turkish,Consumer,None,2019-12-07,2019,NEW,False,MDM,2019-12-07,2026-04-17 15:58:31.054633
0ae1cf74-b510-4555-9848-7ad3bb7f8dcf,CUST-2019-TR-000167,Büşranur,Tarhan,Büşranur Tarhan,Female,1960-10-18,branur.tarhan@msn.com,777 9 504,042 Akçay Vista,New Biltaş,North Dakota,13952,TR,Turkey,EMEA,Turkish,Business,None,2019-07-18,2019,NEW,True,MDM,2019-07-18,2026-04-17 15:58:31.054683
a0bf02be-4ffb-460c-90a4-88a13bd1d80c,CUST-2019-TR-000168,Sevsevil,Hayrioğlu,Sevsevil Hayrioğlu,Female,2005-12-04,sevsevil.hayriolu@icloud.com,0857-950 3373,5290 Yorulmaz Rapid Apt. 593,Akgündüzland,South Dakota,17925,TR,Turkey,EMEA,Turkish,Consumer,Silver,2019-04-09,2019,NEW,True,MDM,2019-04-09,2026-04-17 15:58:31.054738
34c9b284-95bf-43c8-bf88-627e3e74c26e,CUST-2019-TR-000169,Işıman,Çorlu,Işıman Çorlu,Female,1977-05-28,iman.orlu@gmx.com,+90(845)839-7258x7800,54002 Duran Ranch,Cannurbury,Florida,74256,TR,Turkey,EMEA,Turkish,Education,None,2019-02-28,2019,NEW,True,MDM,2019-02-28,2026-04-17 15:58:31.054792
bef9f229-6225-4c82-8dc3-4bb3c18ceb01,CUST-2019-TR-000170,Us,Durmuş,Us Durmuş,Female,2001-05-15,us.durmu488@gmx.com,+90(957)154-4237x477,7957 Olca Row Apt. 460,East İmrihan,New Hampshire,31429,TR,Turkey,EMEA,Turkish,Consumer,None,2019-08-01,2019,NEW,True,MDM,2019-08-01,2026-04-17 15:58:31.054850
72993719-bbca-4bf7-9e35-a8fa11d2f433,CUST-2019-TR-000171,Mülâyim,Kısakürek,Mülâyim Kısakürek,Female,1974-07-17,mlyim.ksakrek@aol.com,0317 109 24 93,30162 Seven Plaza,Yükselland,Rhode Island,01797,TR,Turkey,EMEA,Turkish,Education,None,2019-04-04,2019,NEW,True,MDM,2019-04-04,2026-04-17 15:58:31.054906
9febc609-4424-423e-9ce5-cd8f6ba006c5,CUST-2019-TR-000172,Özertem,Duran,Özertem Duran,Female,1972-09-14,zertem.duran926@protonmail.com,+90(530)224-1250x198,8223 Yüksel Burgs Suite 922,Aksuton,New Hampshire,10497,TR,Turkey,EMEA,Turkish,Consumer,Gold,2019-12-06,2019,NEW,False,MDM,2019-12-06,2026-04-17 15:58:31.054966
d7895dff-de2e-4572-a1f9-16af2e371933,CUST-2019-TR-000173,Apaydın,Duran,Apaydın Duran,Female,2006-10-18,apaydn.duran@hotmail.com,913 4 626,087 Us Trafficway Suite 826,Arslanhaven,New Hampshire,78238,TR,Turkey,EMEA,Turkish,Consumer,Platinum,2019-09-20,2019,NEW,True,MDM,2019-09-20,2026-04-17 15:58:31.055021
88b0da69-f23e-4e69-8ed4-2c1f4d2fc6fd,CUST-2019-TR-000174,Gülzadiye,İnönü,Gülzadiye İnönü,Male,1967-07-30,glzadiye.inn511@aol.com,(058)569 6620,722 Bilgin Parks Suite 460,Yamanbury,Arizona,76945,TR,Turkey,EMEA,Turkish,Consumer,Silver,2019-07-19,2019,NEW,True,MDM,2019-07-19,2026-04-17 15:58:31.055077
259efc28-c19b-47b4-9ff4-a79ae6be44bf,CUST-2019-TR-000175,Türkmen,Çetin,Türkmen Çetin,Male,2006-10-15,trkmen.etin@mail.com,(933)596 6055,49579 Eraslan Hollow Apt. 169,Zorluberg,Arkansas,64079,TR,Turkey,EMEA,Turkish,Consumer,Gold,2019-08-04,2019,NEW,True,MDM,2019-08-04,2026-04-17 15:58:31.055134
2bba1218-5b89-4bbd-b987-1f4ed03937a4,CUST-2019-TR-000176,Gökten,Şensoy,Gökten Şensoy,Male,2006-01-26,gkten.ensoy929@icloud.com,08914239209,08408 Bilgin Lane Suite 351,East Gülsiye,North Dakota,52882,TR,Turkey,EMEA,Turkish,Consumer,None,2019-01-03,2019,NEW,True,MDM,2019-01-03,2026-04-17 15:58:31.055191
4f1c8d71-1541-4f69-a5ee-28693474e66d,CUST-2019-TR-000177,Çolpan,Fırat,Çolpan Fırat,Female,1967-04-08,olpan.frat@icloud.com,02985098521,56064 Yıldırım Tunnel,Akçaport,Connecticut,90753,TR,Turkey,EMEA,Turkish,Consumer,None,2019-12-13,2019,NEW,True,MDM,2019-12-13,2026-04-17 15:58:31.055244
ccfe957d-3dcd-4590-a826-41c95c193006,CUST-2019-TR-000178,Müjde,Gülen,Müjde Gülen,Female,1967-11-06,mjde.glen@aol.com,355 8 551,63912 Akçay Keys Suite 187,Selçukfurt,California,40650,TR,Turkey,EMEA,Turkish,Consumer,None,2019-04-15,2019,NEW,True,MDM,2019-04-15,2026-04-17 15:58:31.055299
02f1e951-b810-4005-8c04-9ea70437f19a,CUST-2019-TR-000179,Aru,Alemdar,Aru Alemdar,Male,1951-11-04,aru.alemdar@live.com,06761380337,19440 Mübetcel Club,West Kiramettinville,Alaska,23348,TR,Turkey,EMEA,Turkish,Consumer,Silver,2019-12-30,2019,NEW,True,MDM,2019-12-30,2026-04-17 15:58:31.055355
6098f4e7-1b65-4a3d-bf25-60cef0de0b92,CUST-2019-TR-000180,Günver,Mansız,Günver Mansız,Male,1956-06-30,gnver.mansz@yahoo.com,+90(652)2522869,91524 Akça Path Suite 544,North Aslanhanmouth,Kentucky,72844,TR,Turkey,EMEA,Turkish,Consumer,Platinum,2019-10-17,2019,NEW,True,MDM,2019-10-17,2026-04-17 15:58:31.055414
bde3145f-087e-4cd7-b0dd-26d5e8942f6f,CUST-2019-TR-000181,Hasbek,Ertaş,Hasbek Ertaş,Female,1976-09-29,hasbek.erta@mail.com,+90(680)9044612,704 Demirel Trail Apt. 133,Yurttaşmouth,Minnesota,37535,TR,Turkey,EMEA,Turkish,Consumer,None,2019-10-14,2019,NEW,True,MDM,2019-10-14,2026-04-17 15:58:31.055471
b1c5db91-0d4c-4f30-9699-314cb45f9112,CUST-2019-TR-000182,Celilay,Çamurcuoğlu,Celilay Çamurcuoğlu,Male,2002-03-07,celilay.amurcuolu617@protonmail.com,+90 (066) 5987265,0714 Gürten Forge,Müslumton,Wyoming,64727,TR,Turkey,EMEA,Turkish,Business,None,2019-01-29,2019,NEW,True,MDM,2019-01-29,2026-04-17 15:58:31.055525
7db8f20b-b2c0-4d84-9c60-26837c0d0992,CUST-2019-TR-000183,Börteçin,Türk,Börteçin Türk,Female,1957-01-25,brtein.trk21@zoho.com,+90(737)105-2632x9358,3752 Nurbanu Land Apt. 361,Ağbegimfort,Georgia,44969,TR,Turkey,EMEA,Turkish,Consumer,None,2019-08-25,2019,NEW,True,MDM,2019-08-25,2026-04-17 15:58:31.055584
547f07b4-5cf9-4798-8920-b73f666e5c9e,CUST-2019-TR-000184,Taylak,Akçay,Taylak Akçay,Male,1978-11-19,taylak.akay168@aol.com,0148-884 5621,77937 Değer Views Suite 163,Lake Sağıt,New York,02211,TR,Turkey,EMEA,Turkish,Business,Platinum,2019-07-24,2019,NEW,True,MDM,2019-07-24,2026-04-17 15:58:31.055642
892b16a9-8f97-4beb-a7f0-3bcc10c39065,CUST-2019-TR-000185,Haciali,Ülker,Haciali Ülker,Male,1974-11-21,haciali.lker765@protonmail.com,918 3 038,28697 Durdu Turnpike Suite 983,East Biltaş,Delaware,39763,TR,Turkey,EMEA,Turkish,Consumer,None,2019-11-24,2019,NEW,True,MDM,2019-11-24,2026-04-17 15:58:31.055697
5cc5bafa-568e-4d7c-97c2-d9776790422c,CUST-2019-TR-000186,Buşra,İhsanoğlu,Buşra İhsanoğlu,Male,2005-01-31,bura.ihsanolu@hotmail.com,+90(626)746-9621x964,029 Sahil Tunnel Suite 236,Sücaettinmouth,North Carolina,66521,TR,Turkey,EMEA,Turkish,Consumer,Silver,2019-10-05,2019,NEW,True,MDM,2019-10-05,2026-04-17 15:58:31.055754
d74a642d-96ff-4bed-904a-76fd21db13e8,CUST-2019-TR-000187,Fatmanur,Seven,Fatmanur Seven,Male,1976-08-23,fatmanur.seven@outlook.com,03127358804,53380 Şefiye Crescent Apt. 759,New Nurdeniz,Florida,36332,TR,Turkey,EMEA,Turkish,Consumer,None,2019-02-08,2019,NEW,True,MDM,2019-02-08,2026-04-17 15:58:31.055809
3bd8d1e1-5234-4771-a427-5720f178bdb7,CUST-2019-TR-000188,Yağın,Seven,Yağın Seven,Male,1991-01-19,yan.seven@outlook.com,+90(045)670-1405x470,376 Güçlü Course Suite 729,South Ağbegim,Wisconsin,27361,TR,Turkey,EMEA,Turkish,Consumer,None,2019-07-19,2019,NEW,True,MDM,2019-07-19,2026-04-17 15:58:31.055866
a79a6d2a-5551-4243-ad03-2634a7020ff7,CUST-2019-TR-000189,Sümeyye,Öcalan,Sümeyye Öcalan,Female,1993-07-10,smeyye.calan@aol.com,(223)469 9585,5401 Hayrioğlu Lane Apt. 260,Barsenport,New Jersey,23149,TR,Turkey,EMEA,Turkish,Consumer,Silver,2019-06-25,2019,NEW,True,MDM,2019-06-25,2026-04-17 15:58:31.055921
61d9ff82-f34d-41e8-9bd1-c993dec12ef0,CUST-2019-TR-000190,Oymak,Ergül,Oymak Ergül,Male,1980-08-23,oymak.ergl@gmail.com,+90(103)743-6215x4840,170 Yüksel Fort Suite 172,West Ayduru,New York,02483,TR,Turkey,EMEA,Turkish,Consumer,Silver,2019-11-15,2019,NEW,True,MDM,2019-11-15,2026-04-17 15:58:31.055978
8f67f053-1ab6-40ea-a58a-705e315ac0b0,CUST-2019-TR-000191,Safura,Demir,Safura Demir,Male,1963-11-12,safura.demir@msn.com,05856440538,16448 Mükrüme Cove,New İlalmışville,Delaware,48898,TR,Turkey,EMEA,Turkish,Business,Platinum,2019-02-02,2019,NEW,True,MDM,2019-02-02,2026-04-17 15:58:31.056032
91438be4-e9f1-4e28-83b7-db4443eefa3c,CUST-2019-TR-000192,Alabezek,Öcalan,Alabezek Öcalan,Male,1975-01-08,alabezek.calan152@gmail.com,+90(705)220-0223x478,7982 Gökçe Park,Duranstad,Indiana,45435,TR,Turkey,EMEA,Turkish,Consumer,None,2019-02-14,2019,NEW,True,MDM,2019-02-14,2026-04-17 15:58:31.056085
a7355112-3f81-47b3-810d-1bacf9f439fd,CUST-2019-TR-000193,Kocabaş,Aksu,Kocabaş Aksu,Female,1971-07-25,kocaba.aksu760@gmx.com,717 9 060,454 Tunçkılıç Ranch Apt. 214,Lake Gürsalton,New Mexico,65422,TR,Turkey,EMEA,Turkish,Consumer,Silver,2019-12-24,2019,NEW,True,MDM,2019-12-24,2026-04-17 15:58:31.056141
1d5b6d1c-371a-425e-b684-4011efb11bdd,CUST-2019-TR-000194,Gürsal,Arslan,Gürsal Arslan,Female,1989-04-09,grsal.arslan@mail.com,(964)240 0055,79648 Bilgin Mount Suite 532,New Mücellibborough,Nevada,72315,TR,Turkey,EMEA,Turkish,Consumer,Platinum,2019-07-30,2019,NEW,True,MDM,2019-07-30,2026-04-17 15:58:31.056199
700f0d6e-acbf-4cca-b776-7a0bf9dba4c9,CUST-2019-TR-000195,Koçak,Arslan,Koçak Arslan,Male,1967-12-12,koak.arslan@msn.com,082 0 530,83953 Sözer Mission Suite 578,Zoralstad,Kentucky,39638,TR,Turkey,EMEA,Turkish,Consumer,Platinum,2019-07-16,2019,NEW,True,MDM,2019-07-16,2026-04-17 15:58:31.056254
d806ce66-ed5d-4b31-b054-35b2b3aff6c5,CUST-2019-TR-000196,Önsal,Şensoy,Önsal Şensoy,Female,1962-09-02,nsal.ensoy448@icloud.com,02431212220,89310 Seyithan Landing,Şensoyberg,Vermont,35935,TR,Turkey,EMEA,Turkish,Business,None,2019-06-12,2019,NEW,True,MDM,2019-06-12,2026-04-17 15:58:31.056307
c503ad6e-d6c0-416c-b7de-8d1893ea4687,CUST-2019-TR-000197,Halenur,Ergül,Halenur Ergül,Male,1990-01-20,halenur.ergl338@hotmail.com,279 8 730,216 Bozerk Forge Suite 227,Port Üzertown,Colorado,64393,TR,Turkey,EMEA,Turkish,Business,None,2019-11-10,2019,NEW,False,MDM,2019-11-10,2026-04-17 15:58:31.056363
eae78af4-d83e-4d35-84e4-d57a913d29e0,CUST-2019-TR-000198,Lerze,Bilge,Lerze Bilge,Male,1966-08-19,lerze.bilge281@msn.com,04280353744,7662 Bilgin View Apt. 392,Bilirborough,Nevada,88607,TR,Turkey,EMEA,Turkish,Consumer,Silver,2019-01-03,2019,NEW,True,MDM,2019-01-03,2026-04-17 15:58:31.056418
12b7c6cd-cfa5-41c9-8108-bc174ea068b3,CUST-2019-TR-000199,Paye,Tevetoğlu,Paye Tevetoğlu,Male,1958-09-06,paye.tevetolu103@icloud.com,0957-246 8831,869 Akçay Fork Apt. 784,West Nurmelekberg,Virginia,82624,TR,Turkey,EMEA,Turkish,Consumer,None,2019-03-04,2019,NEW,True,MDM,2019-03-04,2026-04-17 15:58:31.056476
4a370491-f85e-4ea7-96f1-690f0f41f917,CUST-2019-TR-000200,Rebihat,Aslan,Rebihat Aslan,Male,2002-11-09,rebihat.aslan@live.com,967 2 967,6286 Nabil Dam Apt. 860,Kasimburgh,Michigan,05834,TR,Turkey,EMEA,Turkish,Consumer,Gold,2019-03-08,2019,NEW,True,MDM,2019-03-08,2026-04-17 15:58:31.056529
